582 
-0.31050389 0.06265898 0.94850471 
-0.02140282 0.99711130 -0.07287643 
-0.95033113 -0.04292909 -0.30826586 
-0.22077530 0.32427022 0.13811324 
----------------------------------------------------------------------------------------------- 
582 
-0.33402682 0.06242087 0.94049440 
-0.05018478 0.99521168 -0.08387614 
-0.94122663 -0.07521539 -0.32929482 
-0.21730962 0.32918303 0.13278836 
----------------------------------------------------------------------------------------------- 
582 
-0.33402938 0.06242068 0.94049350 
-0.05018696 0.99521150 -0.08387692 
-0.94122561 -0.07521786 -0.32929718 
-0.21731192 0.32918134 0.13278743 
----------------------------------------------------------------------------------------------- 
582 
-0.31050300 0.06265658 0.94850516 
-0.02140852 0.99711123 -0.07287572 
-0.95033129 -0.04293422 -0.30826464 
-0.22077521 0.32426899 0.13811266 
----------------------------------------------------------------------------------------------- 
582 
-0.33403127 0.06241658 0.94049310 
-0.05018247 0.99521221 -0.08387117 
-0.94122517 -0.07521186 -0.32929978 
-0.21731421 0.32918381 0.13278910 
----------------------------------------------------------------------------------------------- 
582 
-0.31050327 0.06265637 0.94850509 
-0.02140652 0.99711134 -0.07287485 
-0.95033125 -0.04293208 -0.30826508 
-0.22077569 0.32426980 0.13811282 
----------------------------------------------------------------------------------------------- 
582 
-0.31050456 0.06265315 0.94850488 
-0.02141076 0.99711139 -0.07287291 
-0.95033073 -0.04293558 -0.30826618 
-0.22077798 0.32426607 0.13811138 
----------------------------------------------------------------------------------------------- 
582 
-0.33402666 0.06241854 0.94049461 
-0.05018725 0.99521169 -0.08387453 
-0.94122656 -0.07521717 -0.32929462 
-0.21730987 0.32918307 0.13278871 
----------------------------------------------------------------------------------------------- 
582 
-0.33402973 0.06241531 0.94049374 
-0.05019468 0.99521136 -0.08387397 
-0.94122507 -0.07522418 -0.32929727 
-0.21731240 0.32918094 0.13278749 
----------------------------------------------------------------------------------------------- 
582 
-0.33402877 0.06241530 0.94049408 
-0.05019359 0.99521146 -0.08387349 
-0.94122547 -0.07522294 -0.32929641 
-0.21731234 0.32918126 0.13278823 
----------------------------------------------------------------------------------------------- 
582 
-0.31050561 0.06265368 0.94850450 
-0.02141294 0.99711124 -0.07287422 
-0.95033034 -0.04293813 -0.30826704 
-0.22077729 0.32426739 0.13811183 
----------------------------------------------------------------------------------------------- 
582 
-0.28195317 0.06690460 0.95709257 
-0.04172304 0.99576688 -0.08189942 
-0.95852052 -0.06302462 -0.27796817 
-0.22360910 0.32775009 0.12463206 
----------------------------------------------------------------------------------------------- 
582 
-0.31050635 0.06265600 0.94850410 
-0.02139772 0.99711175 -0.07287176 
-0.95033044 -0.04292297 -0.30826883 
-0.22077818 0.32427321 0.13811486 
----------------------------------------------------------------------------------------------- 
582 
-0.31050237 0.06265901 0.94850521 
-0.02140575 0.99711117 -0.07287734 
-0.95033156 -0.04293205 -0.30826412 
-0.22077439 0.32426948 0.13811287 
----------------------------------------------------------------------------------------------- 
582 
-0.33402673 0.06242193 0.94049436 
-0.05019055 0.99521112 -0.08387928 
-0.94122636 -0.07522185 -0.32929413 
-0.21730903 0.32918137 0.13278819 
----------------------------------------------------------------------------------------------- 
582 
-0.31050570 0.06265362 0.94850447 
-0.02140942 0.99711141 -0.07287302 
-0.95033039 -0.04293442 -0.30826740 
-0.22077732 0.32427037 0.13811331 
----------------------------------------------------------------------------------------------- 
582 
-0.33403092 0.06241674 0.94049322 
-0.05018918 0.99521166 -0.08387365 
-0.94122494 -0.07521898 -0.32929882 
-0.21731289 0.32918291 0.13278857 
----------------------------------------------------------------------------------------------- 
582 
-0.31050300 0.06265392 0.94850534 
-0.02140298 0.99711168 -0.07287112 
-0.95033141 -0.04292754 -0.30826519 
-0.22077756 0.32427015 0.13811379 
----------------------------------------------------------------------------------------------- 
582 
-0.33403037 0.06241787 0.94049334 
-0.05018866 0.99521161 -0.08387462 
-0.94122516 -0.07521877 -0.32929823 
-0.21731283 0.32918147 0.13278755 
----------------------------------------------------------------------------------------------- 
582 
-0.33402811 0.06242007 0.94049400 
-0.05019071 0.99521126 -0.08387748 
-0.94122586 -0.07522150 -0.32929563 
-0.21731069 0.32918106 0.13278789 
----------------------------------------------------------------------------------------------- 
582 
-0.33402903 0.06242069 0.94049363 
-0.05018973 0.99521128 -0.08387787 
-0.94122558 -0.07522077 -0.32929658 
-0.21731068 0.32918249 0.13278791 
----------------------------------------------------------------------------------------------- 
582 
-0.33403130 0.06241893 0.94049294 
-0.05018648 0.99521168 -0.08387506 
-0.94122495 -0.07521692 -0.32929927 
-0.21731312 0.32918197 0.13278820 
----------------------------------------------------------------------------------------------- 
582 
-0.33403119 0.06242213 0.94049276 
-0.05018665 0.99521138 -0.08387850 
-0.94122498 -0.07521822 -0.32929889 
-0.21731125 0.32918105 0.13278776 
----------------------------------------------------------------------------------------------- 
582 
-0.33403081 0.06241425 0.94049342 
-0.05019057 0.99521178 -0.08387150 
-0.94122491 -0.07521956 -0.32929879 
-0.21731395 0.32918213 0.13278846 
----------------------------------------------------------------------------------------------- 
582 
-0.31050509 0.06265242 0.94850475 
-0.02141042 0.99711146 -0.07287205 
-0.95033057 -0.04293503 -0.30826677 
-0.22077728 0.32426754 0.13811185 
----------------------------------------------------------------------------------------------- 
582 
-0.31050131 0.06265723 0.94850567 
-0.02140261 0.99711145 -0.07287439 
-0.95033198 -0.04292809 -0.30826339 
-0.22077412 0.32427067 0.13811353 
----------------------------------------------------------------------------------------------- 
582 
-0.31050680 0.06265294 0.94850416 
-0.02141351 0.99711127 -0.07287368 
-0.95032994 -0.04293858 -0.30826821 
-0.22077785 0.32426811 0.13811232 
----------------------------------------------------------------------------------------------- 
582 
-0.33402681 0.06241921 0.94049451 
-0.05018694 0.99521165 -0.08387515 
-0.94122652 -0.07521709 -0.32929475 
-0.21730988 0.32918192 0.13278769 
----------------------------------------------------------------------------------------------- 
582 
-0.31050557 0.06265567 0.94850438 
-0.02140515 0.99711144 -0.07287378 
-0.95033053 -0.04293059 -0.30826751 
-0.22077753 0.32426933 0.13811270 
----------------------------------------------------------------------------------------------- 
582 
-0.31050681 0.06265757 0.94850385 
-0.02140593 0.99711126 -0.07287609 
-0.95033010 -0.04293213 -0.30826859 
-0.22077665 0.32426886 0.13811211 
----------------------------------------------------------------------------------------------- 
582 
-0.31050511 0.06265358 0.94850467 
-0.02140007 0.99711184 -0.07286991 
-0.95033079 -0.04292454 -0.30826753 
-0.22077702 0.32427220 0.13811337 
----------------------------------------------------------------------------------------------- 
582 
-0.31050662 0.06265317 0.94850420 
-0.02140558 0.99711161 -0.07287135 
-0.95033017 -0.04293032 -0.30826863 
-0.22077918 0.32426932 0.13811274 
----------------------------------------------------------------------------------------------- 
582 
-0.31050518 0.06265350 0.94850465 
-0.02140463 0.99711164 -0.07287132 
-0.95033067 -0.04292931 -0.30826725 
-0.22077766 0.32426997 0.13811303 
----------------------------------------------------------------------------------------------- 
582 
-0.33403033 0.06241736 0.94049339 
-0.05018823 0.99521169 -0.08387393 
-0.94122520 -0.07521814 -0.32929827 
-0.21731184 0.32918273 0.13278802 
----------------------------------------------------------------------------------------------- 
582 
-0.33403161 0.06241677 0.94049297 
-0.05018602 0.99521191 -0.08387264 
-0.94122487 -0.07521571 -0.32929978 
-0.21731417 0.32918223 0.13278819 
----------------------------------------------------------------------------------------------- 
582 
-0.33403220 0.06242228 0.94049240 
-0.05018714 0.99521132 -0.08387891 
-0.94122460 -0.07521888 -0.32929983 
-0.21731241 0.32918154 0.13278707 
----------------------------------------------------------------------------------------------- 
582 
-0.33402734 0.06241969 0.94049430 
-0.05018566 0.99521171 -0.08387525 
-0.94122640 -0.07521596 -0.32929534 
-0.21731121 0.32918244 0.13278839 
----------------------------------------------------------------------------------------------- 
582 
-0.31050457 0.06265611 0.94850468 
-0.02140350 0.99711149 -0.07287366 
-0.95033089 -0.04292892 -0.30826661 
-0.22077641 0.32427109 0.13811323 
----------------------------------------------------------------------------------------------- 
582 
-0.31050585 0.06264883 0.94850474 
-0.02140913 0.99711179 -0.07286790 
-0.95033034 -0.04293258 -0.30826779 
-0.22077913 0.32426964 0.13811262 
----------------------------------------------------------------------------------------------- 
582 
-0.31050575 0.06264949 0.94850473 
-0.02141173 0.99711162 -0.07286943 
-0.95033032 -0.04293550 -0.30826746 
-0.22077935 0.32426838 0.13811235 
----------------------------------------------------------------------------------------------- 
582 
-0.33402491 0.06241795 0.94049527 
-0.05018509 0.99521193 -0.08387300 
-0.94122729 -0.07521451 -0.32929313 
-0.21731025 0.32918327 0.13278871 
----------------------------------------------------------------------------------------------- 
582 
-0.33402655 0.06241894 0.94049463 
-0.05019080 0.99521137 -0.08387618 
-0.94122641 -0.07522105 -0.32929416 
-0.21730980 0.32918184 0.13278774 
----------------------------------------------------------------------------------------------- 
582 
-0.31050748 0.06265236 0.94850397 
-0.02140435 0.99711173 -0.07287013 
-0.95032992 -0.04292884 -0.30826962 
-0.22077820 0.32427035 0.13811231 
----------------------------------------------------------------------------------------------- 
582 
-0.31050294 0.06266219 0.94850481 
-0.02140406 0.99711100 -0.07288016 
-0.95033141 -0.04293136 -0.30826467 
-0.22077442 0.32426877 0.13811249 
----------------------------------------------------------------------------------------------- 
582 
-0.33401780 0.06243126 0.94049691 
-0.05017047 0.99521196 -0.08388137 
-0.94123059 -0.07520304 -0.32928631 
-0.21730144 0.32919249 0.13279285 
----------------------------------------------------------------------------------------------- 
582 
-0.33401880 0.06243330 0.94049642 
-0.05017419 0.99521147 -0.08388491 
-0.94123004 -0.07520778 -0.32928680 
-0.21730065 0.32919112 0.13279245 
----------------------------------------------------------------------------------------------- 
582 
-0.33398704 0.06245631 0.94050618 
-0.05012813 0.99521332 -0.08389047 
-0.94124377 -0.07516415 -0.32925753 
-0.21727629 0.32921350 0.13280343 
----------------------------------------------------------------------------------------------- 
582 
-0.33397221 0.06246734 0.94051071 
-0.05020279 0.99520648 -0.08392700 
-0.94124505 -0.07524555 -0.32923527 
-0.21727214 0.32916793 0.13278665 
----------------------------------------------------------------------------------------------- 
582 
-0.32071052 0.06031251 0.94525508 
-0.06493134 0.99422296 -0.08546713 
-0.94494904 -0.08878689 -0.31494159 
-0.21950436 0.32971461 0.12841926 
----------------------------------------------------------------------------------------------- 
582 
-0.31093001 0.07446962 0.94751085 
-0.01985895 0.99619896 -0.08481306 
-0.95022531 -0.04518750 -0.30826927 
-0.21718986 0.32809049 0.13676153 
----------------------------------------------------------------------------------------------- 
582 
-0.32169065 0.06037535 0.94491796 
-0.06360780 0.99433251 -0.08518751 
-0.94470587 -0.08750818 -0.31602713 
-0.21915685 0.33108819 0.12876748 
----------------------------------------------------------------------------------------------- 
582 
-0.29428414 0.07063018 0.95310452 
0.01160001 0.99745596 -0.07033520 
-0.95564757 -0.00964251 -0.29435478 
-0.22043963 0.32231844 0.14570112 
----------------------------------------------------------------------------------------------- 
582 
-0.31296828 0.07704774 0.94663324 
-0.01495448 0.99618077 -0.08602461 
-0.94964584 -0.04107939 -0.31062078 
-0.21502517 0.33213936 0.13890758 
----------------------------------------------------------------------------------------------- 
582 
-0.26492785 0.07898636 0.96102778 
-0.04160977 0.99477469 -0.09323062 
-0.96337005 -0.06468753 -0.26025692 
-0.22059149 0.34624281 0.12541434 
----------------------------------------------------------------------------------------------- 
582 
-0.26549910 0.08061617 0.96073475 
-0.04774205 0.99417608 -0.09661578 
-0.96292831 -0.07151885 -0.26010407 
-0.21864475 0.36442272 0.12794010 
----------------------------------------------------------------------------------------------- 
582 
-0.30962166 0.06738966 0.94846880 
-0.08731637 0.99125577 -0.09893360 
-0.94684227 -0.11344884 -0.30103004 
-0.21676775 0.38389051 0.12356609 
----------------------------------------------------------------------------------------------- 
582 
-0.29103914 0.07856842 0.95347953 
-0.01498856 0.99612539 -0.08665761 
-0.95659373 -0.03951204 -0.28873385 
-0.21314544 0.39959305 0.14814970 
----------------------------------------------------------------------------------------------- 
582 
-0.24245612 0.08382030 0.96653463 
-0.04612938 0.99413783 -0.09778572 
-0.96906507 -0.06829439 -0.23716822 
-0.21735543 0.42580868 0.12901078 
----------------------------------------------------------------------------------------------- 
582 
-0.27182816 0.07702981 0.95925797 
-0.07223429 0.99234619 -0.10015612 
-0.95963100 -0.09651657 -0.26418344 
-0.21563543 0.44340857 0.12074335 
----------------------------------------------------------------------------------------------- 
582 
-0.23243838 0.08342725 0.96902647 
-0.08465346 0.99079811 -0.10560730 
-0.96892012 -0.10657863 -0.22323710 
-0.21666612 0.46244381 0.11131341 
----------------------------------------------------------------------------------------------- 
582 
-0.26840053 0.09079991 0.95901852 
-0.06118319 0.99193088 -0.11103940 
-0.96136246 -0.08847885 -0.26067935 
-0.20667591 0.46538987 0.13530091 
----------------------------------------------------------------------------------------------- 
582 
-0.16139800 0.09673939 0.98213654 
-0.00893187 0.99500005 -0.09947424 
-0.98684898 -0.02482726 -0.15972696 
-0.22532001 0.45465478 0.14904160 
----------------------------------------------------------------------------------------------- 
582 
-0.15976326 0.10591052 0.98145742 
-0.02314955 0.99355254 -0.11098404 
-0.98688388 -0.04045147 -0.15628141 
-0.22474629 0.44889527 0.16091988 
----------------------------------------------------------------------------------------------- 
582 
-0.15254983 0.11518728 0.98156021 
-0.11315684 0.98461734 -0.13313238 
-0.98179635 -0.13137958 -0.13716898 
-0.22699025 0.45333393 0.13121221 
----------------------------------------------------------------------------------------------- 
582 
-0.09952310 0.13287386 0.98612357 
-0.06656932 0.98793438 -0.13983627 
-0.99280596 -0.07956251 -0.08947697 
-0.23616205 0.44110171 0.15577889 
----------------------------------------------------------------------------------------------- 
582 
-0.24287686 0.16698225 0.95557719 
-0.00661814 0.98476495 -0.17376478 
-0.97003455 -0.04852758 -0.23807151 
-0.19644166 0.42976261 0.22400269 
----------------------------------------------------------------------------------------------- 
582 
-0.07298992 0.18993962 0.97907886 
-0.02906763 0.98087518 -0.19245508 
-0.99690900 -0.04250678 -0.06607290 
-0.23159857 0.43176994 0.18756301 
----------------------------------------------------------------------------------------------- 
582 
-0.21194121 0.21905953 0.95241474 
0.07909589 0.97520211 -0.20669949 
-0.97407636 0.03152395 -0.22401222 
-0.19851370 0.39706408 0.27482848 
----------------------------------------------------------------------------------------------- 
582 
-0.17931815 0.23047944 0.95641216 
-0.07995366 0.96553984 -0.24766961 
-0.98053680 -0.12088031 -0.15471114 
-0.20986616 0.43030750 0.22020121 
----------------------------------------------------------------------------------------------- 
582 
-0.26145530 0.24772683 0.93288399 
0.10328378 0.96813444 -0.22814067 
-0.95967369 0.03670320 -0.27871004 
-0.18094872 0.37438444 0.33246444 
----------------------------------------------------------------------------------------------- 
582 
-0.08714628 0.28938957 0.95323618 
-0.01155523 0.95651857 -0.29144245 
-0.99612851 -0.03641298 -0.08001307 
-0.23121469 0.41354179 0.37078725 
----------------------------------------------------------------------------------------------- 
582 
-0.20977494 0.28989125 0.93378667 
0.14930513 0.95333347 -0.26241814 
-0.96628280 0.08437039 -0.24326772 
-0.17616184 0.32965664 0.49610762 
----------------------------------------------------------------------------------------------- 
582 
-0.13918046 0.23406046 0.96220814 
0.18100492 0.96130879 -0.20765988 
-0.97358411 0.14526221 -0.17616150 
-0.22983964 0.27941796 0.52471213 
----------------------------------------------------------------------------------------------- 
582 
-0.19240245 0.22623318 0.95488211 
0.03155468 0.97398583 -0.22440123 
-0.98080865 -0.01304434 -0.19453597 
-0.20436850 0.35375440 0.41978020 
----------------------------------------------------------------------------------------------- 
582 
-0.22584315 0.21532005 0.95006955 
0.05643969 0.97652076 -0.20789844 
-0.97252734 0.00666919 -0.23269312 
-0.18398240 0.31869616 0.47587474 
----------------------------------------------------------------------------------------------- 
582 
-0.26400344 0.19668529 0.94425478 
-0.03599526 0.97629648 -0.21342336 
-0.96384985 -0.09033320 -0.25066589 
-0.16444330 0.34698789 0.47898799 
----------------------------------------------------------------------------------------------- 
582 
-0.33687682 0.17859486 0.92445546 
-0.06661543 0.97486414 -0.21260831 
-0.93918922 -0.13320581 -0.31651195 
-0.09843543 0.35478066 0.61180557 
----------------------------------------------------------------------------------------------- 
582 
-0.20920124 0.15872688 0.96490446 
-0.15565551 0.96875220 -0.19310755 
-0.96540468 -0.19059104 -0.17795745 
-0.19652226 0.37644326 0.47485288 
----------------------------------------------------------------------------------------------- 
582 
-0.28125664 0.15242766 0.94744948 
-0.03125062 0.98532591 -0.16779825 
-0.95912361 -0.07680276 -0.27236600 
-0.15699309 0.30368558 0.54381797 
----------------------------------------------------------------------------------------------- 
582 
0.06165486 0.18742278 0.98034248 
-0.13443066 0.97482075 -0.17791264 
-0.98900307 -0.12081891 0.08529781 
-0.32688108 0.34966303 0.42876586 
----------------------------------------------------------------------------------------------- 
582 
-0.38505119 0.15176977 0.91033045 
-0.10120508 0.97349284 -0.20510785 
-0.91732934 -0.17110709 -0.35948470 
-0.05877601 0.33439387 0.67586422 
----------------------------------------------------------------------------------------------- 
582 
-0.29015494 0.13225039 0.94779742 
0.01719122 0.99096546 -0.13301096 
-0.95682526 -0.02229999 -0.28980707 
-0.16264212 0.24649355 0.57814057 
----------------------------------------------------------------------------------------------- 
582 
-0.47280700 0.09837350 0.87565758 
-0.06409022 0.98727750 -0.14551835 
-0.87883217 -0.12492318 -0.46048694 
-0.02018974 0.28224574 0.71357340 
----------------------------------------------------------------------------------------------- 
no marker found----------------------------------------------------------------------------------------------- 
no marker found----------------------------------------------------------------------------------------------- 
no marker found----------------------------------------------------------------------------------------------- 
582 
-0.47531770 0.03450166 0.87913749 
-0.01133408 0.99890777 -0.04532996 
-0.87974123 -0.03151034 -0.47440750 
-0.08174580 0.25466374 0.61128561 
----------------------------------------------------------------------------------------------- 
582 
-0.45716390 0.03786367 0.88857611 
-0.00518031 0.99896305 -0.04523266 
-0.88936738 -0.02528184 -0.45649370 
-0.09338700 0.26252186 0.61847826 
----------------------------------------------------------------------------------------------- 
582 
-0.46627188 0.04155046 0.88366515 
0.00783470 0.99905114 -0.04284194 
-0.88460678 -0.01305274 -0.46615499 
-0.09197266 0.27619907 0.61874931 
----------------------------------------------------------------------------------------------- 
582 
-0.45860423 0.05562975 0.88689768 
0.02948974 0.99844165 -0.04737744 
-0.88815118 0.00442688 -0.45953008 
-0.09239396 0.27100855 0.62581952 
----------------------------------------------------------------------------------------------- 
582 
-0.47607947 0.05322401 0.87779015 
0.04626799 0.99830030 -0.03543707 
-0.87818427 0.02374272 -0.47773284 
-0.08015261 0.24655902 0.63504070 
----------------------------------------------------------------------------------------------- 
582 
-0.48463498 0.02135839 0.87445569 
-0.01645852 0.99930221 -0.03352927 
-0.87456163 -0.03064170 -0.48394528 
-0.07786411 0.25441549 0.63691734 
----------------------------------------------------------------------------------------------- 
582 
-0.47064076 0.03135672 0.88176756 
0.00788440 0.99947786 -0.03133436 
-0.88228970 -0.00779502 -0.47064225 
-0.08515364 0.21546690 0.64951977 
----------------------------------------------------------------------------------------------- 
582 
-0.44035758 0.03178180 0.89725978 
-0.00276888 0.99932044 -0.03675580 
-0.89781821 -0.01867010 -0.43997034 
-0.10402603 0.20831132 0.66031081 
----------------------------------------------------------------------------------------------- 
582 
0.17932713 0.08270928 0.98030656 
-0.15018491 0.98708156 -0.05580763 
-0.97225834 -0.13721943 0.18943219 
-0.47297190 0.27564504 0.44182193 
----------------------------------------------------------------------------------------------- 
582 
-0.40754481 0.04892700 0.91187355 
0.00023434 0.99856922 -0.05347397 
-0.91318518 -0.02157935 -0.40697317 
-0.12219386 0.17620909 0.67459579 
----------------------------------------------------------------------------------------------- 
582 
-0.43322886 0.05140069 0.89981705 
0.00161388 0.99841508 -0.05625594 
-0.90128250 -0.02291950 -0.43262518 
-0.10052312 0.16076199 0.68372670 
----------------------------------------------------------------------------------------------- 
no marker found----------------------------------------------------------------------------------------------- 
582 
-0.34359818 0.07663456 0.93598474 
-0.01271349 0.99619402 -0.08623134 
-0.93903070 -0.04152857 -0.34131615 
-0.16194928 0.15894666 0.69197513 
----------------------------------------------------------------------------------------------- 
582 
-0.42414680 0.09265897 0.90084061 
-0.00716438 0.99437723 -0.10565322 
-0.90556511 -0.05126644 -0.42109807 
-0.09421019 0.15179089 0.70269499 
----------------------------------------------------------------------------------------------- 
582 
-0.26808903 0.13715657 0.95358080 
0.02401614 0.99045764 -0.13570881 
-0.96309475 -0.01348071 -0.26882480 
-0.20340829 0.13903748 0.70142756 
----------------------------------------------------------------------------------------------- 
no marker found----------------------------------------------------------------------------------------------- 
582 
-0.40286899 0.15191443 0.90256223 
0.01212972 0.98692871 -0.16070030 
-0.91517728 -0.05379335 -0.39944565 
-0.10923580 0.15193738 0.71719774 
----------------------------------------------------------------------------------------------- 
582 
-0.02292313 0.22282930 0.97458793 
-0.25163754 0.94217232 -0.22133654 
-0.96755004 -0.25031664 0.03447468 
-0.36969734 0.33627399 0.55679705 
----------------------------------------------------------------------------------------------- 
582 
-0.00263117 0.23745909 0.97139398 
-0.18879153 0.95381080 -0.23367223 
-0.98201366 -0.18400579 0.04232063 
-0.38031775 0.30659598 0.56296251 
----------------------------------------------------------------------------------------------- 
582 
-0.33984428 0.21780607 0.91491332 
0.08035802 0.97598073 -0.20249494 
-0.93704240 0.00470387 -0.34918393 
-0.15245346 0.13946153 0.71701097 
----------------------------------------------------------------------------------------------- 
582 
-0.38688244 0.22878187 0.89329773 
0.05638999 0.97279070 -0.22471856 
-0.92040325 -0.03656662 -0.38925665 
-0.11096106 0.17198796 0.71573920 
----------------------------------------------------------------------------------------------- 
582 
-0.36295173 0.22940349 0.90312794 
0.03177465 0.97170448 -0.23405292 
-0.93126603 -0.05625334 -0.35997104 
-0.12773801 0.19733479 0.71708347 
----------------------------------------------------------------------------------------------- 
582 
-0.31285702 0.24012744 0.91894466 
-0.02822415 0.96473594 -0.26170204 
-0.94938079 -0.10781175 -0.29504702 
-0.16046995 0.25235076 0.69527376 
----------------------------------------------------------------------------------------------- 
582 
-0.27605404 0.25138333 0.92768561 
0.06744640 0.96787809 -0.24220443 
-0.95877273 -0.00429246 -0.28414155 
-0.18296022 0.18938026 0.70843610 
----------------------------------------------------------------------------------------------- 
582 
-0.13203974 0.27695183 0.95176845 
-0.17621122 0.93832399 -0.29748562 
-0.97545636 -0.20699220 -0.07509403 
-0.27420297 0.35959317 0.60243405 
----------------------------------------------------------------------------------------------- 
582 
-0.27121228 0.26428898 0.92552430 
0.06698825 0.96441540 -0.25576457 
-0.96018565 -0.00736724 -0.27926556 
-0.17946674 0.19607426 0.70950874 
----------------------------------------------------------------------------------------------- 
582 
-0.28987736 0.27442758 0.91687546 
-0.05344216 0.95187263 -0.30179865 
-0.95557054 -0.13648441 -0.26126033 
-0.15851114 0.29272054 0.67914580 
----------------------------------------------------------------------------------------------- 
582 
-0.26756550 0.29901696 0.91596810 
0.07865880 0.95423389 -0.28853159 
-0.96032364 -0.00515215 -0.27884038 
-0.16905278 0.21300654 0.70606312 
----------------------------------------------------------------------------------------------- 
582 
-0.29707335 0.28436791 0.91152746 
-0.03960594 0.95013305 -0.30931950 
-0.95403291 -0.12799248 -0.27099655 
-0.15321178 0.29966978 0.67887722 
----------------------------------------------------------------------------------------------- 
582 
-0.18979751 0.31284237 0.93064846 
0.14600049 0.94633212 -0.28833901 
-0.97090719 0.08114910 -0.22528661 
-0.22556026 0.18783391 0.69375493 
----------------------------------------------------------------------------------------------- 
582 
-0.06382153 0.32248518 0.94442052 
-0.03169702 0.94521731 -0.32489926 
-0.99745782 -0.05067089 -0.05010340 
-0.30497583 0.32362474 0.60249543 
----------------------------------------------------------------------------------------------- 
582 
-0.13233007 0.32346299 0.93694207 
0.14084646 0.94179952 -0.30524733 
-0.98114781 0.09157157 -0.17018701 
-0.26091011 0.22682539 0.66019938 
----------------------------------------------------------------------------------------------- 
582 
-0.24202923 0.33530634 0.91048971 
0.20502227 0.93487407 -0.28978671 
-0.94836054 0.11653381 -0.29501212 
-0.18571250 0.19992999 0.67135863 
----------------------------------------------------------------------------------------------- 
582 
-0.04504326 0.33761996 0.94020416 
0.10336452 0.93768296 -0.33176264 
-0.99362311 0.08224008 -0.07713422 
-0.30579540 0.28092715 0.59591604 
----------------------------------------------------------------------------------------------- 
582 
-0.30072564 0.34583385 0.88879865 
0.04741166 0.93620622 -0.34823849 
-0.95253148 -0.06258482 -0.29793777 
-0.14937756 0.33648517 0.60984319 
----------------------------------------------------------------------------------------------- 
582 
-0.22188160 0.36263495 0.90513228 
0.19950541 0.92551653 -0.32189556 
-0.95444547 0.10915608 -0.27770272 
-0.19655679 0.25391777 0.62463418 
----------------------------------------------------------------------------------------------- 
582 
-0.35031459 0.35845230 0.86532747 
0.02878972 0.92755559 -0.37257453 
-0.93618953 -0.10560576 -0.33525600 
-0.12168912 0.36745231 0.56443929 
----------------------------------------------------------------------------------------------- 
582 
-0.31630034 0.36461787 0.87578987 
0.03240238 0.92680081 -0.37415283 
-0.94810558 -0.08996699 -0.30496190 
-0.14492148 0.36927037 0.54142116 
----------------------------------------------------------------------------------------------- 
582 
-0.29503473 0.37544898 0.87863108 
-0.01664460 0.91740501 -0.39760659 
-0.95534154 -0.13193222 -0.26441714 
-0.15555924 0.40112299 0.49319229 
----------------------------------------------------------------------------------------------- 
no marker found----------------------------------------------------------------------------------------------- 
582 
-0.31080634 0.38606127 0.86853676 
0.03739871 0.91805368 -0.39468820 
-0.94973720 -0.09018945 -0.29977510 
-0.14473432 0.37843276 0.48320062 
----------------------------------------------------------------------------------------------- 
582 
-0.21581368 0.39405896 0.89338793 
0.01743315 0.91635827 -0.39997952 
-0.97627893 -0.07074648 -0.20463234 
-0.19134732 0.38825996 0.44339390 
----------------------------------------------------------------------------------------------- 
582 
-0.27032041 0.40298692 0.87437316 
0.08801239 0.91472526 -0.39437484 
-0.95873912 -0.02965190 -0.28273674 
-0.16097692 0.36038075 0.46289956 
----------------------------------------------------------------------------------------------- 
582 
-0.20772461 0.40738566 0.88931851 
0.25342606 0.90052107 -0.35332284 
-0.94478872 0.15198263 -0.29030253 
-0.19075667 0.28132623 0.48964941 
----------------------------------------------------------------------------------------------- 
582 
-0.33146521 0.41414523 0.84771136 
0.12494695 0.90986118 -0.39565248 
-0.93515725 -0.02522608 -0.35333351 
-0.13158222 0.35173732 0.44123645 
----------------------------------------------------------------------------------------------- 
582 
-0.27514680 0.41002261 0.86958364 
-0.03337694 0.89987601 -0.43486681 
-0.96082268 -0.14867625 -0.23391271 
-0.16322686 0.41549860 0.34819957 
----------------------------------------------------------------------------------------------- 
582 
-0.30742409 0.42288050 0.85244502 
0.03719980 0.90048370 -0.43329584 
-0.95084520 -0.10149479 -0.29256145 
-0.14546193 0.39028562 0.36916957 
----------------------------------------------------------------------------------------------- 
582 
-0.28368297 0.43535148 0.85439631 
0.09504287 0.89937827 -0.42671488 
-0.95419643 -0.03984747 -0.29651535 
-0.15765710 0.37245404 0.36610666 
----------------------------------------------------------------------------------------------- 
582 
0.09408768 0.36861160 0.92480971 
0.46932902 0.80280933 -0.36773285 
-0.87799646 0.46863917 -0.09746565 
-0.32828145 0.19771792 0.45721443 
----------------------------------------------------------------------------------------------- 
582 
-0.35776435 0.46136147 0.81188069 
0.09360914 0.88276590 -0.46039297 
-0.92910817 -0.08871274 -0.35900982 
-0.12437665 0.37825291 0.33397760 
----------------------------------------------------------------------------------------------- 
582 
-0.29315238 0.45991615 0.83817589 
0.06296990 0.88407728 -0.46307900 
-0.95398977 -0.08297286 -0.28813023 
-0.15415201 0.38531673 0.29511540 
----------------------------------------------------------------------------------------------- 
582 
-0.31078760 0.46334555 0.82989274 
0.04302771 0.87909413 -0.47470215 
-0.94950497 -0.11182316 -0.29314826 
-0.14869347 0.39242023 0.27695776 
----------------------------------------------------------------------------------------------- 
582 
-0.29377942 0.47411015 0.83000797 
0.06151853 0.87590204 -0.47855103 
-0.95389157 -0.08952757 -0.28648855 
-0.15100762 0.38811517 0.26592630 
----------------------------------------------------------------------------------------------- 
582 
-0.30492982 0.47156734 0.82743099 
-0.11310357 0.84472864 -0.52310717 
-0.94563491 -0.25309637 -0.20424700 
-0.14185174 0.44709333 0.26060589 
----------------------------------------------------------------------------------------------- 
582 
-0.27575003 0.47711473 0.83445998 
-0.00658652 0.86715918 -0.49798752 
-0.96120681 -0.14281626 -0.23597664 
-0.15642577 0.39952469 0.20528554 
----------------------------------------------------------------------------------------------- 
582 
-0.31205348 0.48354571 0.81780570 
0.01478124 0.86315644 -0.50472020 
-0.94994954 -0.14541152 -0.27649838 
-0.14567255 0.39578176 0.20557170 
----------------------------------------------------------------------------------------------- 
582 
-0.55057092 0.44749455 0.70471291 
0.12052319 0.87794767 -0.46333794 
-0.82604226 -0.17016615 -0.53730593 
-0.06156973 0.36862433 0.33277767 
----------------------------------------------------------------------------------------------- 
582 
-0.11188166 0.47052904 0.87526277 
0.27522027 0.86100991 -0.42768650 
-0.95484883 0.19303978 -0.22583035 
-0.21491689 0.31837270 0.32248887 
----------------------------------------------------------------------------------------------- 
582 
-0.31163471 0.52886674 0.78941990 
0.20082226 0.84868330 -0.48929243 
-0.92873798 0.00605258 -0.37068739 
-0.14127652 0.35937268 0.23044814 
----------------------------------------------------------------------------------------------- 
582 
-0.33653635 0.54258494 0.76963944 
0.06150440 0.82823283 -0.55699873 
-0.93965978 -0.14011410 -0.31210181 
-0.13418266 0.39242741 0.15875920 
----------------------------------------------------------------------------------------------- 
582 
-0.52303209 0.55272884 0.64878984 
0.17178314 0.81395276 -0.55495177 
-0.83482213 -0.17880643 -0.52067291 
-0.06414403 0.38070443 0.25590550 
----------------------------------------------------------------------------------------------- 
582 
-0.33858690 0.57776827 0.74265924 
-0.02796510 0.78275013 -0.62170748 
-0.94051947 -0.23127055 -0.24887159 
-0.11890998 0.42069822 0.13581694 
----------------------------------------------------------------------------------------------- 
582 
-0.49859609 0.58981100 0.63523612 
0.14646541 0.77960871 -0.60889912 
-0.85437101 -0.21055460 -0.47509676 
-0.07532855 0.40015608 0.18761395 
----------------------------------------------------------------------------------------------- 
582 
-0.39820046 0.62384243 0.67250057 
0.19791723 0.77429410 -0.60108021 
-0.89569256 -0.10625097 -0.43179343 
-0.09550986 0.39062539 0.18555125 
----------------------------------------------------------------------------------------------- 
582 
-0.19063343 0.67612364 0.71169918 
0.36753139 0.72142283 -0.58691547 
-0.91026346 0.14968608 -0.38602397 
-0.11478181 0.36111488 0.22451331 
----------------------------------------------------------------------------------------------- 
582 
-0.06434777 0.66024102 0.74829216 
0.26381019 0.73442470 -0.62531955 
-0.96242587 0.15716918 -0.22143690 
-0.14346790 0.37692742 0.14578561 
----------------------------------------------------------------------------------------------- 
582 
-0.41371461 0.64035906 0.64713252 
0.18601318 0.75527813 -0.62845370 
-0.89120106 -0.13962530 -0.43158482 
-0.10051744 0.37735623 0.17084653 
----------------------------------------------------------------------------------------------- 
582 
-0.15540764 0.65791067 0.73688671 
0.13563766 0.75309597 -0.64377705 
-0.97849420 -0.00009828 -0.20627433 
-0.14538928 0.38175671 0.11601955 
----------------------------------------------------------------------------------------------- 
582 
-0.46403456 0.65090607 0.60082711 
0.15969588 0.72863261 -0.66602683 
-0.87130314 -0.21310985 -0.44205773 
-0.08294613 0.38292142 0.15503752 
----------------------------------------------------------------------------------------------- 
582 
-0.27502488 0.66334692 0.69593978 
0.00537508 0.72490322 -0.68882976 
-0.96142208 -0.18570459 -0.20293196 
-0.12356156 0.39720557 0.07437294 
----------------------------------------------------------------------------------------------- 
582 
-0.00835707 0.65217985 0.75801821 
0.22627892 0.73961492 -0.63385142 
-0.97402670 0.16622640 -0.15375557 
-0.15895265 0.37027181 0.12323046 
----------------------------------------------------------------------------------------------- 
582 
-0.27010222 0.68141896 0.68023010 
0.49599869 0.70400778 -0.50828962 
-0.82524547 0.20010309 -0.52813698 
-0.11450422 0.30931924 0.25519933 
----------------------------------------------------------------------------------------------- 
582 
-0.41921589 0.65511451 0.62855630 
0.14156736 0.73102934 -0.66749890 
-0.89678131 -0.19084309 -0.39920194 
-0.09280480 0.38511014 0.14943623 
----------------------------------------------------------------------------------------------- 
582 
-0.35978406 0.68147898 0.63729258 
0.11709774 0.71061058 -0.69377282 
-0.92565844 -0.17498288 -0.33546601 
-0.09452767 0.39210431 0.13068199 
----------------------------------------------------------------------------------------------- 
582 
-0.39139245 0.65668306 0.64465441 
0.07468598 0.72089817 -0.68900496 
-0.91718807 -0.22152469 -0.33119912 
-0.10928239 0.38579924 0.05079878 
----------------------------------------------------------------------------------------------- 
582 
-0.28601486 0.67227262 0.68282137 
0.09505795 0.72898084 -0.67790185 
-0.95349855 -0.12898240 -0.27240420 
-0.11596376 0.39082796 0.11948751 
----------------------------------------------------------------------------------------------- 
582 
-0.20745715 0.68139389 0.70190020 
0.37674522 0.71781692 -0.58549288 
-0.90278711 0.14297286 -0.40562814 
-0.12493794 0.34140983 0.21424522 
----------------------------------------------------------------------------------------------- 
582 
-0.06895813 0.68578911 0.72452610 
0.22070039 0.71874696 -0.65931339 
-0.97290088 0.11443817 -0.20091737 
-0.13747891 0.37619658 0.13021494 
----------------------------------------------------------------------------------------------- 
582 
-0.28605784 0.68197987 0.67310799 
-0.04686179 0.69166486 -0.72069667 
-0.95706577 -0.23770397 -0.16589736 
-0.11128345 0.40432914 0.04845714 
----------------------------------------------------------------------------------------------- 
582 
-0.29750360 0.69042107 0.65940151 
0.01731480 0.69446304 -0.71932001 
-0.95456367 -0.20258289 -0.21855976 
-0.10342842 0.40321394 0.08306082 
----------------------------------------------------------------------------------------------- 
582 
-0.18886304 0.69083493 0.69790963 
0.28280831 0.71885335 -0.63503490 
-0.94039896 0.07744002 -0.33113869 
-0.12284546 0.36347859 0.17898245 
